L2 Regularisation
    RESULT ON Training DATA
[[482   3   1   0   3   0   0   3   0   2   4   2]
 [  1 461  15   0   8   0   0   0   0   7   1   7]
 [  0  26 408   0   4   0   0   4   6  13  29  10]
 [  1   0   4 351   6   1  46  31  56   1   2   1]
 [  4   9   6   6 317   3  36  17  16   6  14  66]
 [  0   0   0   0   6 463   7   4   4  10   6   0]
 [  2   3   5  37  37   9 328  19  31   1  11  17]
 [  2   1  28  29  20   7  23 310  37  32   8   3]
 [  3  13  19  69  12   7  25  55 268  18   7   4]
 [  0  14  16   5   3   5   2  26  21 382  26   0]
 [  0   4  25   0   0   1   0   1   9  10 449   1]
 [  1   2  14   1  50   1  11   7   1   1   0 411]]
              precision    recall  f1-score   support

         1.0       0.97      0.96      0.97       500
         2.0       0.86      0.92      0.89       500
         3.0       0.75      0.82      0.78       500
         4.0       0.70      0.70      0.70       500
         5.0       0.68      0.63      0.66       500
         6.0       0.93      0.93      0.93       500
         7.0       0.69      0.66      0.67       500
         8.0       0.65      0.62      0.63       500
         9.0       0.60      0.54      0.56       500
        10.0       0.79      0.76      0.78       500
        11.0       0.81      0.90      0.85       500
        12.0       0.79      0.82      0.80       500

    accuracy                           0.77      6000
   macro avg       0.77      0.77      0.77      6000
weighted avg       0.77      0.77      0.77      6000

Accuracy on Training Set: 77.16666666666666 %
    RESULT ON Testing DATA
[[  0 337 157   0   0   0   0   0   0   6   0   0]
 [  0 255 233   0   0   0   0   0   0  12   0   0]
 [  0   1 450   0   0   0   0   0   0  49   0   0]
 [  0   1 101   0   0   0   0   0 236 162   0   0]
 [  0  12 296   0   0   0   0   0  35 157   0   0]
 [  0   1  31   0   0   0   0   0  15 453   0   0]
 [  0   6 100   0   0   0   0   0 240 154   0   0]
 [  0   1  87   0   0   0   0   0  39 373   0   0]
 [  0   4 130   0   0   0   0   0 169 197   0   0]
 [  0   2  32   0   0   0   0   0   0 466   0   0]
 [  0   0 205   0   0   0   0   0   1 294   0   0]
 [  0   6 381   0   0   0  34   0  14  65   0   0]]
              precision    recall  f1-score   support

         1.0       0.00      0.00      0.00       500
         2.0       0.41      0.51      0.45       500
         3.0       0.20      0.90      0.33       500
         4.0       0.00      0.00      0.00       500
         5.0       0.00      0.00      0.00       500
         6.0       0.00      0.00      0.00       500
         7.0       0.00      0.00      0.00       500
         8.0       0.00      0.00      0.00       500
         9.0       0.23      0.34      0.27       500
        10.0       0.20      0.93      0.32       500
        11.0       0.00      0.00      0.00       500
        12.0       0.00      0.00      0.00       500

    accuracy                           0.22      6000
   macro avg       0.09      0.22      0.11      6000
weighted avg       0.09      0.22      0.11      6000

Accuracy on Testing Set: 22.333333333333332 %

L1 Regularisation
    RESULT ON Training DATA
[[481   3   1   0   3   0   0   3   0   2   4   3]
 [  2 458  17   0   8   0   0   0   0   7   1   7]
 [  0  26 408   0   4   0   0   4   5  13  30  10]
 [  1   0   4 353   6   2  45  29  56   1   2   1]
 [  3   8   7   6 316   3  36  20  17   5  13  66]
 [  0   0   0   0   6 463   7   4   4  10   6   0]
 [  2   3   5  37  36   9 328  20  31   1  11  17]
 [  2   1  29  29  19   7  23 310  37  32   8   3]
 [  3  13  19  69  12   7  26  57 265  19   6   4]
 [  0  14  17   5   3   5   2  26  20 383  25   0]
 [  0   4  26   0   0   1   0   2   8  10 448   1]
 [  1   1  14   1  50   1  11   7   1   1   0 412]]
              precision    recall  f1-score   support

         1.0       0.97      0.96      0.97       500
         2.0       0.86      0.92      0.89       500
         3.0       0.75      0.82      0.78       500
         4.0       0.71      0.71      0.71       500
         5.0       0.68      0.63      0.66       500
         6.0       0.93      0.93      0.93       500
         7.0       0.69      0.66      0.67       500
         8.0       0.64      0.62      0.63       500
         9.0       0.60      0.53      0.56       500
        10.0       0.79      0.77      0.78       500
        11.0       0.81      0.90      0.85       500
        12.0       0.79      0.82      0.80       500

    accuracy                           0.77      6000
   macro avg       0.77      0.77      0.77      6000
weighted avg       0.77      0.77      0.77      6000

Accuracy on Training Set: 77.08333333333334 %
    RESULT ON Testing DATA
[[  0 338 156   0   0   0   0   0   0   6   0   0]
 [  0 285 201   0   0   0   0   0   0  14   0   0]
 [  0   1 451   0   0   0   0   0   0  48   0   0]
 [  0   1  98   0   0   0   0   0 240 161   0   0]
 [  0  17 287   0   0   0   0   0  37 159   0   0]
 [  0   1  28   0   0   0   0   0  15 456   0   0]
 [  0   7  93   0   0   0   0   0 242 158   0   0]
 [  0   1  82   0   0   0   0   0  38 379   0   0]
 [  0   6 124   0   0   0   0   0 166 204   0   0]
 [  0   2  32   0   0   0   0   0   0 466   0   0]
 [  0   0 201   0   0   0   0   0   1 298   0   0]
 [  0   7 375   0   0   0  37   0  15  66   0   0]]
              precision    recall  f1-score   support

         1.0       0.00      0.00      0.00       500
         2.0       0.43      0.57      0.49       500
         3.0       0.21      0.90      0.34       500
         4.0       0.00      0.00      0.00       500
         5.0       0.00      0.00      0.00       500
         6.0       0.00      0.00      0.00       500
         7.0       0.00      0.00      0.00       500
         8.0       0.00      0.00      0.00       500
         9.0       0.22      0.33      0.26       500
        10.0       0.19      0.93      0.32       500
        11.0       0.00      0.00      0.00       500
        12.0       0.00      0.00      0.00       500

    accuracy                           0.23      6000
   macro avg       0.09      0.23      0.12      6000
weighted avg       0.09      0.23      0.12      6000

Accuracy on Testing Set: 22.8 %

USING STOCKASTIC GRADIEND DESCENT
L2 Regularisation
    RESULT ON Training DATA
[[479   0   2   0   1   0   0   3   0   3   4   8]
 [  0 400  29   1  10   0  10   5   2  13  28   2]
 [  0  25 349   0  10   0   5   2   6  18  49  36]
 [  0   1   7 340  13   4  38  45  43   1   4   4]
 [  1  22   9  10 276   1  23  37  21  12  17  71]
 [  0   0   0   5   3 461   9   4   8   5   2   3]
 [  0  12   3  60  52   3 241  38  24   5  25  37]
 [  0  11  27  41  16   5  47 242  58  36  13   4]
 [  0  17  11  64  15  10  34  70 242  21  10   6]
 [  0  11  14   9   4  14   3  39  28 348  30   0]
 [  0   7  12   0   1   0   2   3   9   5 459   2]
 [  0  12  17   1  56   4   9  25   3   0   1 372]]
              precision    recall  f1-score   support

         1.0       1.00      0.96      0.98       500
         2.0       0.77      0.80      0.79       500
         3.0       0.73      0.70      0.71       500
         4.0       0.64      0.68      0.66       500
         5.0       0.60      0.55      0.58       500
         6.0       0.92      0.92      0.92       500
         7.0       0.57      0.48      0.52       500
         8.0       0.47      0.48      0.48       500
         9.0       0.55      0.48      0.51       500
        10.0       0.75      0.70      0.72       500
        11.0       0.71      0.92      0.80       500
        12.0       0.68      0.74      0.71       500

    accuracy                           0.70      6000
   macro avg       0.70      0.70      0.70      6000
weighted avg       0.70      0.70      0.70      6000

Accuracy on Training Set: 70.15 %
    RESULT ON Testing DATA
[[  0 387   0   0   0   0   0   5 105   3   0   0]
 [  0 405   0   0   0   0   0   1  85   9   0   0]
 [  0 118   0   0   0   0   0   1 380   1   0   0]
 [  0   0   0   0   0   0   0   1 499   0   0   0]
 [  0  72   0   0   0   0   0  96 319  13   0   0]
 [  0   1   0   0   0   0   0   1 491   7   0   0]
 [  0  14   0   0   0   0   0   3 480   3   0   0]
 [  0   2   0   0   0   0   0  53 445   0   0   0]
 [  0  10   0   0   0   0   0   2 488   0   0   0]
 [  0   3   0   0   0   0   0  10 361 126   0   0]
 [  0  17   0   0   0   0   0   3 454  26   0   0]
 [  0  40   0   0   0   0   4  18 428  10   0   0]]
              precision    recall  f1-score   support

         1.0       0.00      0.00      0.00       500
         2.0       0.38      0.81      0.52       500
         3.0       0.00      0.00      0.00       500
         4.0       0.00      0.00      0.00       500
         5.0       0.00      0.00      0.00       500
         6.0       0.00      0.00      0.00       500
         7.0       0.00      0.00      0.00       500
         8.0       0.27      0.11      0.15       500
         9.0       0.11      0.98      0.19       500
        10.0       0.64      0.25      0.36       500
        11.0       0.00      0.00      0.00       500
        12.0       0.00      0.00      0.00       500

    accuracy                           0.18      6000
   macro avg       0.12      0.18      0.10      6000
weighted avg       0.12      0.18      0.10      6000

Accuracy on Testing Set: 17.866666666666667 %
L1 Regularisation
    RESULT ON Training DATA
[[485   0   1   0   2   0   1   1   0   3   4   3]
 [  1 392  29   2  10   0  38   5   1  16   0   6]
 [  0  24 349   0   7   0  16  26  23  21  29   5]
 [  0   0   3 362  11   2  24  38  51   8   1   0]
 [  1  24  12   8 226   0  74  25  40  12   7  71]
 [  0   1   0   3   6 444  21   4  10   9   0   2]
 [  0   3   3  89  48   6 269  19  40   4   8  11]
 [  1   2  22  54  32   4  26 245  45  66   1   2]
 [  1   6  11  67   9   9  43  75 240  25   7   7]
 [  0  14  13  10   3   8  12  46  20 350  24   0]
 [  0   7  17   0   5   0  19  16  30  17 389   0]
 [  1   2   5   2  64   5  21   8  13   2   2 375]]
              precision    recall  f1-score   support

         1.0       0.99      0.97      0.98       500
         2.0       0.83      0.78      0.80       500
         3.0       0.75      0.70      0.72       500
         4.0       0.61      0.72      0.66       500
         5.0       0.53      0.45      0.49       500
         6.0       0.93      0.89      0.91       500
         7.0       0.48      0.54      0.51       500
         8.0       0.48      0.49      0.49       500
         9.0       0.47      0.48      0.47       500
        10.0       0.66      0.70      0.68       500
        11.0       0.82      0.78      0.80       500
        12.0       0.78      0.75      0.76       500

    accuracy                           0.69      6000
   macro avg       0.69      0.69      0.69      6000
weighted avg       0.69      0.69      0.69      6000

Accuracy on Training Set: 68.76666666666667 %
    RESULT ON Testing DATA
[[  0 215   0   0   0   0   0   0   0 285   0   0]
 [  0 161   0   1   0   0   0   0   0 338   0   0]
 [  0  17   0   0   0   0   0   0   0 483   0   0]
 [  0   0   0  95   0   0   0   0   2 403   0   0]
 [  0   7   0   1   0   0   0   0   0 492   0   0]
 [  0   0   0   1   0   0   0   0   0 499   0   0]
 [  0   0   0  37   0   0   0   0   3 460   0   0]
 [  0   0   0   0   0   0   0   0   0 500   0   0]
 [  0   3   0   0   0   0   0   0   7 490   0   0]
 [  0   3   0   0   0   0   0   0   0 497   0   0]
 [  0   1   0   0   0   0   0   0   0 499   0   0]
 [  0   1   0   1   0   0   6   0   2 490   0   0]]
              precision    recall  f1-score   support

         1.0       0.00      0.00      0.00       500
         2.0       0.39      0.32      0.35       500
         3.0       0.00      0.00      0.00       500
         4.0       0.70      0.19      0.30       500
         5.0       0.00      0.00      0.00       500
         6.0       0.00      0.00      0.00       500
         7.0       0.00      0.00      0.00       500
         8.0       0.00      0.00      0.00       500
         9.0       0.50      0.01      0.03       500
        10.0       0.09      0.99      0.17       500
        11.0       0.00      0.00      0.00       500
        12.0       0.00      0.00      0.00       500

    accuracy                           0.13      6000
   macro avg       0.14      0.13      0.07      6000
weighted avg       0.14      0.13      0.07      6000

Accuracy on Testing Set: 12.666666666666668 %