    RESULT ON Training DATA
[[484   3   1   0   2   0   0   2   0   1   4   3]
 [  0 464  15   0   7   0   0   0   0   8   1   5]
 [  0  23 420   0   4   0   0   1   4  13  27   8]
 [  1   0   2 361   6   2  44  27  54   0   2   1]
 [  3   8   8   6 314   0  38  16  18   7  14  68]
 [  0   0   0   0   6 470   7   4   4   9   0   0]
 [  2   3   4  36  35   8 330  19  35   1   9  18]
 [  2   1  26  30  22   7  24 310  37  33   5   3]
 [  1   9  19  71  12  10  24  59 271  16   5   3]
 [  0  13  16   5   3   4   3  26  22 382  26   0]
 [  0   3  25   0   0   1   0   2   9   9 449   2]
 [  1   2  15   1  52   0  10   6   1   2   0 410]]
              precision    recall  f1-score   support

         1.0       0.98      0.97      0.97       500
         2.0       0.88      0.93      0.90       500
         3.0       0.76      0.84      0.80       500
         4.0       0.71      0.72      0.71       500
         5.0       0.68      0.63      0.65       500
         6.0       0.94      0.94      0.94       500
         7.0       0.69      0.66      0.67       500
         8.0       0.66      0.62      0.64       500
         9.0       0.60      0.54      0.57       500
        10.0       0.79      0.76      0.78       500
        11.0       0.83      0.90      0.86       500
        12.0       0.79      0.82      0.80       500

    accuracy                           0.78      6000
   macro avg       0.77      0.78      0.78      6000
weighted avg       0.77      0.78      0.78      6000

Accuracy on Training Set: 77.75 %


    RESULT ON Testing DATA
[[  0 337 160   0   0   0   0   0   0   3   0   0]
 [  0  53 443   0   0   0   0   0   0   4   0   0]
 [  0   0 488   0   0   0   0   0   0  12   0   0]
 [  0   1 156   0   0   0   0   0 217 126   0   0]
 [  0   4 365   0   0   0   0   0  35  96   0   0]
 [  0   0  52   0   0   0   0   0  36 412   0   0]
 [  0   1 134   0   0   0   0   0 236 129   0   0]
 [  0   0 162   0   0   0   0   0  34 304   0   0]
 [  0   1 224   0   0   0   0   0 126 149   0   0]
 [  0   2  87   0   0   0   0   0   0 411   0   0]
 [  0   0 374   0   0   0   0   0   0 126   0   0]
 [  0   2 405   0   0   0  28   0  26  39   0   0]]
              precision    recall  f1-score   support

         1.0       0.00      0.00      0.00       500
         2.0       0.13      0.11      0.12       500
         3.0       0.16      0.98      0.27       500
         4.0       0.00      0.00      0.00       500
         5.0       0.00      0.00      0.00       500
         6.0       0.00      0.00      0.00       500
         7.0       0.00      0.00      0.00       500
         8.0       0.00      0.00      0.00       500
         9.0       0.18      0.25      0.21       500
        10.0       0.23      0.82      0.36       500
        11.0       0.00      0.00      0.00       500
        12.0       0.00      0.00      0.00       500

    accuracy                           0.18      6000
   macro avg       0.06      0.18      0.08      6000
weighted avg       0.06      0.18      0.08      6000

Accuracy on Testing Set: 17.96666666666667 %

Logistic Regression performs poorly because the data isn't linearly separable.